1.3457886351274695,1.1960610359110506,-2.6188370629173296,1.6979574323375706,-1.4969539222843258,-0.21002826745483075,0.2297424230445393,-0.23015940174459004,-1.1507043827276935,0.06068562485048177,1.7087465214337967,-0.2099959440589254,-0.05311953780325695,-0.29804972012036207,1.1325031890211543,1.5071603236550366,1.1256071858122407,-1.0390647638972665
1.9469493219451934,0.4898543604311241,-1.2191193786503016,0.15578291956787785,1.9154440719315993,-2.552499439262947,1.4167669249727424,0.4346598571719524,-0.7182780243172847,1.058725760028927,1.4874709417420877,0.9465608949830894,-1.6290062482124694,2.6853303292871487,0.10979713053105875,1.189626879296947,1.919618514090251,-0.9748688047165387
1.9469493219451934,0.4898543604311241,-2.6187425892349823,0.007102730698607596,-1.4968800530639277,-0.21002826745483075,0.2297245976479716,-0.23015940174459004,-1.1507043827276935,0.06068562485048177,1.708793820021263,-0.2099959440589254,-0.05311953780325695,-0.29804972012036207,1.1325031890211543,0.6032791760843799,1.1256071858122407,-1.0390647638972665
1.9469493219451934,0.4898543604311241,-2.6187425892349823,0.007102730698607596,-1.4969539222843258,-0.21002826745483075,0.2297245976479716,-0.23015940174459004,-1.1507043827276935,0.06068562485048177,1.708793820021263,-0.2099959440589254,-0.05311953780325695,-0.29804972012036207,1.1324802751094318,0.6032723410796852,1.1256071858122407,-1.0390647638972665
1.3457886351274695,1.1960610359110506,-1.2191193786503016,-2.6841034411744125,1.9154440719315993,-0.8578253489761783,-0.6894999092151793,-1.2203059370881029,-0.7182780243172847,1.058725760028927,1.4874574500253002,0.9465608949830894,-1.6290062482124694,2.6853303292871487,0.10979713053105875,1.189626879296947,-1.1750783223506522,-0.9747982369828286
1.3457886351274695,1.1960392495434666,-1.2191193786503016,-2.6841034411744125,1.9154440719315993,-0.5638557350696421,1.4168641428739006,0.4346598571719524,-0.7183483631078316,1.0586317142207797,1.4874709417420877,0.9465608949830894,-1.0072562777653484,2.6853303292871487,0.10979713053105875,1.189626879296947,1.919618514090251,-0.9748688047165387
1.9469493219451934,0.4898543604311241,-2.6187425892349823,0.007102730698607596,-1.4969539222843258,-0.21002826745483075,0.2297245976479716,-0.23015940174459004,-1.1507043827276935,0.06068562485048177,1.708793820021263,-0.2099959440589254,-0.05311953780325695,-0.29804972012036207,1.1325031890211543,0.6032791760843799,1.1256071858122407,-1.0390647638972665
0.25497433234314015,1.1809396135999028,-1.2191193786503016,-2.6841034411744125,1.9154440719315993,-2.5524830301496606,-0.6894999092151793,0.4346598571719524,-0.7182780243172847,1.058725760028927,1.4874709417420877,0.9465608949830894,-1.6290062482124694,2.6853303292871487,0.10979713053105875,1.189626879296947,1.919618514090251,-0.9748688047165387
1.3457886351274695,1.1960610359110506,-2.6187779161693654,0.007102730698607596,-1.4969539222843258,-0.21010314288322884,0.2297245976479716,-0.23015940174459004,-1.1507043827276935,0.06068562485048177,1.708793820021263,-0.2099959440589254,-0.05311953780325695,-0.29804972012036207,1.132536077910541,1.5071450445883372,1.1256071858122407,-1.0390647638972665
1.3457886351274695,1.1960610359110506,0.1267313286851912,-2.6841034411744125,0.3994447396175188,-0.5638557350696421,1.4168641428739006,0.4346598571719524,-0.7183483631078316,1.0586317142207797,1.4874709417420877,0.9465608949830894,-1.0072562777653484,2.6853303292871487,0.10979713053105875,1.189626879296947,1.919618514090251,-0.9748688047165387
0.2532981580319122,1.1960610359110506,-2.6187779161693654,0.007102730698607596,-1.4969539222843258,-0.21010314288322884,0.2297245976479716,-0.23015940174459004,-1.1507043827276935,0.06068562485048177,1.708793820021263,-0.2099959440589254,-0.05311953780325695,-0.29804972012036207,1.132536077910541,1.5071450445883372,1.1256071858122407,-1.0390647638972665
1.3457886351274695,1.1960610359110506,-1.2191193786503016,0.15578291956787785,1.9154440719315993,-2.552499439262947,1.4167669249727424,0.4346598571719524,-0.7182780243172847,1.058725760028927,1.4874709417420877,0.9465608949830894,-1.6290062482124694,2.6853303292871487,0.10979713053105875,1.189626879296947,1.919618514090251,-0.9748688047165387
1.3457315475655909,1.1960610359110506,-2.6187425892349823,0.007102730698607596,-1.4968800530639277,-0.21002826745483075,0.2297245976479716,-0.2301762646458048,-1.1507043827276935,0.06068562485048177,1.708793820021263,-0.2099959440589254,-0.05311953780325695,-0.29804972012036207,1.1325031890211543,0.6031881451140451,-1.2669209842064884,-1.0390647638972665
1.9469493219451934,0.4898543604311241,-2.6187779161693654,0.007102730698607596,-1.4969539222843258,-0.21010314288322884,0.2297245976479716,-0.23015940174459004,-1.1507043827276935,0.06068562485048177,1.708793820021263,-0.21002022095459416,-0.05311953780325695,0.6445105520934935,1.132536077910541,1.5071450445883372,1.1256071858122407,-1.0390647638972665
0.2532981580319122,1.1960610359110506,-1.2191193786503016,-2.6841034411744125,1.9154440719315993,-2.552499439262947,1.4168641428739006,0.4346598571719524,-0.7182780243172847,1.058725760028927,1.4874709417420877,0.9465608949830894,-1.6290062482124694,2.6853303292871487,0.10979713053105875,1.189626879296947,1.919618514090251,0.21200246137482276
1.3457886351274695,1.1959537339617718,-2.6187425892349823,0.007102730698607596,-1.4968800530639277,-0.21002826745483075,0.2297245976479716,-0.23015940174459004,-1.1507043827276935,0.06068562485048177,1.708793820021263,-0.2099959440589254,-0.05311953780325695,-0.29804972012036207,1.1325031890211543,0.6032791760843799,1.1256071858122407,-1.0390647638972665
1.3457886351274695,1.1960610359110506,-2.6187425892349823,0.007102730698607596,-1.4969539222843258,-0.2100533257154966,0.2297245976479716,-0.23015940174459004,-1.3505622133949189,0.0606286697436914,1.708793820021263,-0.2099959440589254,-0.05309586007439566,-0.29804972012036207,-0.9284632123572016,0.6032791760843799,1.1256071858122407,-1.0390647638972665
-1.076278139041474,1.3445694289506036,-2.6187779161693654,0.007102730698607596,-1.4969539222843258,-0.21010314288322884,0.2297245976479716,-0.23015940174459004,-1.1507043827276935,0.06068562485048177,1.708793820021263,-0.2099959440589254,-0.05311953780325695,-0.29804972012036207,1.132536077910541,1.5071450445883372,1.1256071858122407,-1.0390647638972665
1.3457886351274695,1.1959537339617718,-2.6187425892349823,0.007102730698607596,-1.4969539222843258,-0.2100533257154966,0.2297245976479716,-0.23015940174459004,-1.3505622133949189,0.0606286697436914,1.708793820021263,-0.2099959440589254,-0.05309586007439566,-0.29804972012036207,-0.9284632123572016,0.6032791760843799,1.1256071858122407,-1.0390647638972665
-1.076278139041474,1.3445694289506036,-1.2191193786503016,-2.6841034411744125,1.9154440719315993,-2.552499439262947,1.4168641428739006,0.4346598571719524,-0.7182780243172847,1.058725760028927,1.4874709417420877,0.9465608949830894,-1.6290062482124694,0.010203731225973393,0.1098237572522843,1.189626879296947,1.919618514090251,0.21200246137482276
1.9469493219451934,0.4898543604311241,-1.2191193786503016,-2.6841034411744125,1.9154440719315993,-2.552499439262947,1.4168641428739006,0.4346598571719524,-0.7182780243172847,1.058725760028927,1.4874709417420877,0.9465608949830894,-1.6290062482124694,2.6853303292871487,0.10979713053105875,1.189626879296947,1.919618514090251,0.21200246137482276
1.3457886351274695,1.1959537339617718,-1.2191193786503016,-2.6841034411744125,1.9154440719315993,-2.5524830301496606,-0.6894999092151793,0.4346598571719524,-0.7182780243172847,1.058725760028927,1.4874709417420877,0.9465608949830894,-1.6290062482124694,2.6853303292871487,0.10979713053105875,1.189626879296947,1.919618514090251,-0.9748688047165387
1.3457886351274695,1.1960610359110506,-2.6188370629173296,1.6979574323375706,-1.4969539222843258,-0.21002826745483075,0.2297424230445393,-0.23015940174459004,-1.1507043827276935,0.06068562485048177,1.7087465214337967,-0.2099959440589254,-0.05311953780325695,-0.29804972012036207,1.1325031890211543,1.5071603236550366,1.1256071858122407,-1.0390647638972665
1.9469493219451934,0.4898543604311241,-1.2191193786503016,0.15578291956787785,1.9154440719315993,-2.552499439262947,1.4167669249727424,0.4346598571719524,-0.7182780243172847,1.058725760028927,1.4874709417420877,0.9465608949830894,-1.6290062482124694,2.6853303292871487,0.10979713053105875,1.189626879296947,1.919618514090251,-0.9748688047165387
1.3457886351274695,1.1960610359110506,-2.6187425892349823,0.007102730698607596,-1.4969539222843258,-0.21002826745483075,0.2297245976479716,-0.23015940174459004,-1.1507043827276935,0.06068562485048177,1.708793820021263,-0.2099959440589254,-0.05311953780325695,-0.29804972012036207,1.1325031890211543,0.6032791760843799,1.1256071858122407,-1.0390647638972665
0.25497433234314015,1.1809396135999028,-2.6187779161693654,0.007102730698607596,-1.4969539222843258,-0.21010314288322884,0.2297245976479716,-0.23015940174459004,-1.1507043827276935,0.06068562485048177,1.708793820021263,-0.2099959440589254,-0.05311953780325695,-0.29804972012036207,1.132536077910541,1.5071450445883372,1.1256071858122407,-1.0390647638972665
0.2532981580319122,1.1960610359110506,-1.2191193786503016,0.15578291956787785,1.9154440719315993,-2.552499439262947,1.4167669249727424,0.4346598571719524,-0.7182780243172847,1.058725760028927,1.4874709417420877,0.9465608949830894,-1.6290062482124694,2.6853303292871487,0.10979713053105875,1.189626879296947,1.919618514090251,-0.9748688047165387
1.3457886351274695,1.1960610359110506,-1.2191193786503016,0.15578291956787785,1.9154440719315993,-2.552499439262947,1.4167669249727424,0.4346598571719524,-0.7182780243172847,1.058725760028927,1.4874709417420877,0.9465608949830894,-1.6290062482124694,2.6853303292871487,0.10979713053105875,1.189626879296947,1.919618514090251,-0.9748688047165387
0.25497433234314015,1.1809396135999028,-1.2191193786503016,0.15578291956787785,1.9154440719315993,-2.552499439262947,1.4167669249727424,0.4346598571719524,-0.7182780243172847,1.058725760028927,1.4874709417420877,0.9465608949830894,-1.6290062482124694,2.6853303292871487,0.10979713053105875,1.189626879296947,1.919618514090251,-0.9748688047165387
1.3457886351274695,1.1960392495434666,-0.7504371720879127,-0.4423116610535616,0.08474367628873951,-0.316258692386798,-1.2521573767039091,0.23190000011282108,0.8626741806729326,-0.7816193274560612,0.015423243002768476,-1.2887651134878024,2.0156805352937837,-0.91608945277698,-0.31859868248528267,-0.05494397185788862,-0.5409217746214516,-1.0179427610855745
-1.076278139041474,1.3445694289506036,-1.2191193786503016,-2.6841034411744125,1.9154440719315993,-2.552499439262947,1.4168641428739006,0.4346598571719524,-0.7183483631078316,1.058725760028927,1.4874709417420877,0.9465608949830894,-1.0072562777653484,0.06683017137298267,-0.40130811348772083,1.189626879296947,1.919618514090251,-0.9748688047165387
1.9469493219451934,0.4898543604311241,-2.6187425892349823,0.007102730698607596,-1.4968800530639277,-0.21002826745483075,0.2297245976479716,-0.23015940174459004,-1.1507043827276935,0.06068562485048177,1.708793820021263,-0.2099959440589254,-0.05311953780325695,-0.29804972012036207,1.1325031890211543,0.6032791760843799,1.1256071858122407,-1.0390647638972665
-1.7358592918608584,1.1960392495434666,-1.2191193786503016,-0.3783224995170618,1.9154440719315993,-2.5524830301496606,-0.6894999092151793,-1.2203059370881029,-0.7182780243172847,1.058725760028927,1.4874513617868659,0.9465608949830894,-1.6290062482124694,2.6852919195747607,0.10979713053105875,1.189626879296947,1.919618514090251,-0.9747982369828286
1.3457886351274695,1.1960610359110506,-0.32577462884622793,-0.6849784321054527,-1.4969539222843258,-0.21006776590243958,0.2297424230445393,-0.23015940174459004,-1.1506753385693316,0.06068562485048177,1.7087465214337967,-0.2099959440589254,-0.05308366889429445,-0.29804972012036207,1.1325031890211543,1.5071603236550366,1.1256071858122407,-1.0390647638972665
1.3457886351274695,-0.6740911181360539,-2.6188370629173296,1.6979574323375706,-1.4969539222843258,-0.21002826745483075,0.2297424230445393,-0.23015940174459004,-1.1507043827276935,0.06068562485048177,1.7087465214337967,-0.2099959440589254,-0.05311953780325695,-0.29804972012036207,1.1325031890211543,1.5071603236550366,1.1256071858122407,-1.0390647638972665
1.9469493219451934,0.4898543604311241,-2.6187425892349823,0.007102730698607596,-1.4969539222843258,-0.2100533257154966,0.2297245976479716,0.7817957572419917,-1.3505622133949189,0.0606286697436914,1.708749455321837,-0.21003642625511842,-0.05309586007439566,-0.29804972012036207,-0.9284632123572016,-0.8003050569236788,1.1256071858122407,-1.0390647638972665
1.3457886351274695,-0.6740911181360539,-0.7504371720879127,-0.4423116610535616,0.08482705253013799,-0.316258692386798,-1.2521573767039091,0.23197608733164052,0.8626741806729326,-0.7816193274560612,0.015423243002768476,-1.2887651134878024,2.0156805352937837,-0.91608945277698,-0.31859868248528267,-0.05494397185788862,-0.5409217746214516,-1.0179427610855745
-1.076278139041474,1.3445694289506036,-2.6187425892349823,0.007102730698607596,-1.4969539222843258,-0.2100533257154966,0.2297245976479716,0.7817957572419917,-1.3505622133949189,0.0606286697436914,1.708793820021263,-0.21003642625511842,-0.05309586007439566,-0.29804972012036207,-0.9284632123572016,0.6032791760843799,1.1256071858122407,-1.0390647638972665
1.3457886351274695,1.1960610359110506,-1.2191193786503016,-0.34268094645584785,1.9154440719315993,-2.5524830301496606,-0.6894999092151793,-1.2203059370881029,-0.7182780243172847,1.058725760028927,1.4874513617868659,0.9465608949830894,-1.6290062482124694,2.6852919195747607,0.10979713053105875,1.189626879296947,1.919618514090251,-0.9747982369828286
1.3457886351274695,1.1960610359110506,-2.6187779161693654,0.007102730698607596,-1.4969539222843258,-0.21010314288322884,0.2297245976479716,-0.23015940174459004,-1.5647733357740594,0.06068562485048177,1.708793820021263,-0.2099959440589254,-0.05306773290452215,-0.29804972012036207,1.132536077910541,1.5071450445883372,1.1256071858122407,-1.0390647638972665
0.25497433234314015,1.1809396135999028,-2.6187425892349823,0.007102730698607596,-1.4968800530639277,-0.21002826745483075,0.2297245976479716,-0.2301762646458048,-1.1507043827276935,0.06068562485048177,1.708793820021263,-0.2099959440589254,-0.05311953780325695,-0.29804972012036207,1.1325031890211543,0.6031881451140451,1.1256071858122407,-1.0390647638972665
1.9469493219451934,0.4898543604311241,-0.7503821840964285,-0.4423116610535616,0.08474367628873951,-0.316258692386798,0.07599804897312626,0.23190000011282108,0.8626741806729326,-0.7816193274560612,0.015423243002768476,-1.2887651134878024,2.0156805352937837,-0.91608945277698,-0.31859868248528267,-0.05494397185788862,-0.5409217746214516,-1.0179427610855745
1.3457886351274695,-0.6740911181360539,-2.618754776508846,0.007102730698607596,-1.4969539222843258,-0.21002826745483075,0.2297424230445393,-0.23015940174459004,-1.1507043827276935,0.06068562485048177,1.7087465214337967,-0.2099959440589254,-0.05311953780325695,-0.29804972012036207,1.1325031890211543,1.5071603236550366,1.1256071858122407,-1.0390647638972665
1.9469493219451934,0.4898543604311241,-2.6187425892349823,0.007102730698607596,-1.4969539222843258,-0.2100533257154966,0.2297245976479716,0.7817957572419917,-1.3505622133949189,0.0606286697436914,1.708793820021263,-0.21003642625511842,-0.05309586007439566,-0.29804972012036207,-0.9284632123572016,0.6032791760843799,1.1256071858122407,-1.0390647638972665
0.25497433234314015,1.1809396135999028,-2.6187425892349823,0.007102730698607596,-1.4968800530639277,-0.21002826745483075,0.2297245976479716,-0.23015940174459004,-1.1507043827276935,0.06068562485048177,1.708793820021263,-0.2099959440589254,-0.05311953780325695,-0.29804972012036207,1.1325031890211543,0.6032791760843799,1.1256071858122407,-1.0390647638972665
-1.076278139041474,1.3445694289506036,-2.6187425892349823,0.007102730698607596,-1.4969539222843258,-0.21002826745483075,0.2297245976479716,-0.23015940174459004,-1.1507043827276935,0.06068562485048177,1.708793820021263,-0.2099959440589254,-0.05311953780325695,-0.29804972012036207,1.1325031890211543,0.6032791760843799,1.1256071858122407,-1.0390647638972665
0.9665516855352679,0.8577513881263065,-2.6187425892349823,0.007102730698607596,-1.4969539222843258,-0.21002826745483075,0.2297245976479716,-0.23015940174459004,-1.1507043827276935,0.06068562485048177,1.708793820021263,-0.2099959440589254,-0.05311953780325695,-0.29804972012036207,1.1325031890211543,0.6032791760843799,1.1256071858122407,-1.0390647638972665
1.9469493219451934,0.4898543604311241,-2.618754776508846,-0.6849784321054527,-1.4969539222843258,-0.21006776590243958,0.2297424230445393,-0.23015940174459004,-1.1507043827276935,0.06068562485048177,1.7087465214337967,-0.2099959440589254,-0.05308366889429445,-0.1305730746328092,1.1325031890211543,-1.94252504679707,1.1256071858122407,-1.0390647638972665
1.3457886351274695,1.1960392495434666,-2.6187175565182295,0.007102730698607596,-1.4969539222843258,-0.2100533257154966,0.2297245976479716,0.7817957572419917,-1.3505622133949189,0.0606286697436914,1.708793820021263,-0.21003642625511842,-0.05309586007439566,-0.29804972012036207,-0.37135003512385806,0.6032791760843799,1.1256071858122407,-1.0390647638972665
2.0531703376254686,0.23299653902223225,-0.32577462884622793,-0.6849784321054527,-1.4969539222843258,-0.21006776590243958,0.2297424230445393,-0.23015940174459004,-1.1506753385693316,0.06068562485048177,1.7087465214337967,-0.2099959440589254,-0.05308366889429445,-0.29804972012036207,1.1325031890211543,1.5071603236550366,1.1256071858122407,-1.0390647638972665
1.3457886351274695,1.1960392495434666,-2.6187425892349823,0.007102730698607596,-1.4968800530639277,-0.21002826745483075,0.2297245976479716,-0.23015940174459004,-1.1507043827276935,0.06068562485048177,1.708793820021263,-0.2099959440589254,-0.05311953780325695,-0.29804972012036207,1.1325031890211543,0.6032791760843799,1.1256071858122407,-1.0390647638972665
0.2532981580319122,1.1960610359110506,-0.32577462884622793,-0.6849784321054527,-1.4969539222843258,-0.21006776590243958,0.2297424230445393,-0.23015940174459004,-1.1506753385693316,0.0607497511259929,1.7087465214337967,-0.2099959440589254,-0.6348775061147182,-0.29804972012036207,1.1325031890211543,1.5071603236550366,1.1256071858122407,-1.0390647638972665
1.3457886351274695,1.1960610359110506,-1.2191193786503016,-2.6841034411744125,1.9154440719315993,-2.5524830301496606,-0.6894999092151793,0.4346598571719524,-0.7182176119937691,1.058725760028927,1.4874709417420877,0.9465608949830894,-1.6290062482124694,2.6853303292871487,0.10979713053105875,1.189626879296947,1.919618514090251,-0.37137559711084467
1.9469493219451934,0.4898543604311241,-2.6187779161693654,0.007102730698607596,-1.4969539222843258,-0.21010314288322884,0.2297245976479716,-0.23015940174459004,-1.1507043827276935,0.06068562485048177,1.708793820021263,-0.2099959440589254,-0.05311953780325695,-0.29804972012036207,1.132536077910541,1.5071450445883372,1.1256071858122407,-1.0390647638972665
1.9469493219451934,0.4898543604311241,-1.2191193786503016,0.15578291956787785,1.9154440719315993,-2.552499439262947,1.4167669249727424,0.4346598571719524,-0.7182780243172847,1.058725760028927,1.4874709417420877,0.9465608949830894,-1.6290062482124694,2.6853303292871487,0.10979713053105875,1.189626879296947,1.919618514090251,-0.9748688047165387
1.3457886351274695,1.1960610359110506,-2.6187425892349823,0.007102730698607596,-1.4969539222843258,-0.21002826745483075,0.2297245976479716,-0.23015940174459004,-1.1507043827276935,0.06068562485048177,1.708793820021263,-0.2099959440589254,-0.05311953780325695,-0.29804972012036207,1.1325031890211543,0.6032791760843799,1.1256071858122407,-1.0390647638972665
1.3457886351274695,-0.6740911181360539,-2.6187175565182295,0.007102730698607596,-1.4969539222843258,-0.2100533257154966,0.2297245976479716,0.7817957572419917,-1.3505622133949189,0.0606286697436914,1.708793820021263,-0.21003642625511842,-0.05309586007439566,-0.29804972012036207,-0.37135003512385806,0.6032791760843799,1.1256071858122407,-1.0390647638972665
2.0531703376254686,0.23299653902223225,-2.6187425892349823,0.007102730698607596,-1.4969539222843258,-0.2100533257154966,0.2297245976479716,0.7817957572419917,-1.3505622133949189,0.0606286697436914,1.708793820021263,-0.21003642625511842,-0.05309586007439566,-0.29804972012036207,-0.9284632123572016,0.6032791760843799,1.1256071858122407,-1.0390647638972665
1.9469493219451934,0.4898543604311241,-2.6187425892349823,0.007102730698607596,-1.4969539222843258,-0.21002826745483075,0.2297245976479716,-0.23015940174459004,-1.1507043827276935,0.06068562485048177,1.708793820021263,-0.2099959440589254,-0.05311953780325695,-0.29804972012036207,1.1325031890211543,0.6032791760843799,1.1256071858122407,-1.0390647638972665
1.9469493219451934,0.4898543604311241,-2.6187425892349823,0.007102730698607596,-1.4968800530639277,-0.21002826745483075,0.2297245976479716,-0.23015940174459004,-1.1507043827276935,0.06068562485048177,1.708793820021263,-0.2099959440589254,-0.05311953780325695,-0.29804972012036207,1.1325031890211543,0.6032791760843799,1.1256551174456186,0.16930875941304227
1.3457886351274695,1.1960610359110506,-1.2191193786503016,-2.6841034411744125,1.9154440719315993,-2.552499439262947,0.04442628666549337,-1.3720327171871485,-0.7182780243172847,1.058725760028927,1.4874709417420877,0.9465608949830894,-1.6290062482124694,2.6853303292871487,0.10979713053105875,1.189626879296947,1.919618514090251,0.21200246137482276
1.3457886351274695,1.1959537339617718,-1.2191193786503016,-0.34268094645584785,1.9154440719315993,-0.8766223826867486,-0.6894999092151793,-1.2203059370881029,1.2675101131360273,1.058725760028927,1.4874513617868659,0.9465608949830894,-1.6290062482124694,2.6852919195747607,0.10979713053105875,1.189626879296947,1.919618514090251,-0.9747982369828286
1.9469493219451934,0.4898543604311241,-0.32577462884622793,-0.6849784321054527,-0.3805680876349226,-0.21006776590243958,0.2297424230445393,-0.23015940174459004,-1.1506753385693316,0.06068562485048177,1.7087835092697161,-0.2099959440589254,-0.05308366889429445,-0.29804972012036207,1.1325031890211543,1.5071603236550366,1.1256071858122407,-1.0390647638972665
1.3457886351274695,1.1960392495434666,-2.6188370629173296,1.6979574323375706,-1.4969539222843258,-0.21002826745483075,0.2297424230445393,-0.23015940174459004,-1.1507043827276935,0.06068562485048177,1.7087465214337967,-0.2099959440589254,-0.05311953780325695,-0.29804972012036207,1.1325031890211543,1.5071603236550366,1.1256071858122407,-1.0390647638972665
1.3457886351274695,1.1960392495434666,-1.2191193786503016,-2.6841034411744125,1.9154440719315993,-2.552499439262947,1.4168641428739006,0.4346598571719524,-0.7182780243172847,1.058725760028927,1.4874709417420877,0.9465608949830894,-1.6290062482124694,2.6853303292871487,0.10979713053105875,1.189626879296947,1.919618514090251,0.21200246137482276
1.3457886351274695,1.1959537339617718,-1.2191193786503016,0.15578291956787785,1.9154440719315993,-2.552499439262947,1.4167669249727424,0.4346598571719524,-0.7182780243172847,1.058725760028927,1.4874709417420877,0.9465608949830894,-1.6290062482124694,2.6853303292871487,0.10979713053105875,1.189626879296947,1.919618514090251,-0.9748688047165387
1.9469493219451934,0.4898543604311241,-2.6187425892349823,0.007102730698607596,-1.4969539222843258,-0.2100533257154966,0.2297245976479716,-0.23015940174459004,-1.3505622133949189,0.0606286697436914,1.708793820021263,-0.2099959440589254,-0.05309586007439566,-0.29804972012036207,-0.9284632123572016,0.6032791760843799,1.1256071858122407,-1.0390647638972665
-1.076278139041474,1.3445694289506036,-2.6188370629173296,1.6979574323375706,-1.4969539222843258,-0.21002826745483075,0.2297424230445393,-0.23015940174459004,-1.1507043827276935,0.06068562485048177,1.7087465214337967,-0.2099959440589254,-0.05311953780325695,-0.29804972012036207,1.1325031890211543,1.5071603236550366,1.1256071858122407,-1.0390647638972665
-1.021308670381249,-1.1852936014532491,-2.6187425892349823,0.007102730698607596,-1.4968800530639277,-0.21002826745483075,0.2297245976479716,-0.23015940174459004,-1.1507043827276935,0.06068562485048177,1.708793820021263,-0.2099959440589254,-0.05311953780325695,-0.29804972012036207,1.1325031890211543,0.6032791760843799,1.1256071858122407,-1.0390647638972665
-1.076278139041474,1.3445694289506036,-1.2191193786503016,-0.34268094645584785,1.9154440719315993,-2.5524830301496606,-0.6894999092151793,-1.2203059370881029,-0.7182780243172847,1.058725760028927,1.4874513617868659,0.9465608949830894,-1.6290062482124694,2.6852919195747607,0.10979713053105875,1.189626879296947,1.919618514090251,-0.9747982369828286
-1.076278139041474,1.3445694289506036,-1.2191193786503016,-2.6841034411744125,1.9154440719315993,-2.552499439262947,1.4168641428739006,0.4346598571719524,-0.7182780243172847,1.058725760028927,1.4874709417420877,0.9465608949830894,-1.6290062482124694,2.6853303292871487,0.10979713053105875,1.189626879296947,1.919618514090251,0.21200246137482276
1.3457886351274695,1.1959537339617718,-1.2191193786503016,-2.6841034411744125,1.9154440719315993,-2.5524830301496606,-0.6894999092151793,0.4346598571719524,-0.7182780243172847,1.058725760028927,1.4874709417420877,0.9465608949830894,-1.6290062482124694,2.6853303292871487,0.10979713053105875,1.189626879296947,1.919618514090251,-0.9748688047165387
1.3457886351274695,1.1959537339617718,-0.7504371720879127,-0.4423116610535616,0.08474367628873951,-0.316258692386798,-1.2521573767039091,0.23190000011282108,0.8626741806729326,-0.7816193274560612,0.015423243002768476,-1.2887651134878024,2.0156805352937837,-0.91608945277698,-0.31859868248528267,-0.05494397185788862,-0.5409217746214516,-1.0179427610855745
0.25497433234314015,1.1809396135999028,-1.2191193786503016,-2.6841034411744125,1.9154440719315993,-2.552499439262947,1.4168641428739006,0.4346598571719524,-0.7182780243172847,1.058725760028927,1.4874709417420877,0.9465608949830894,-1.6290062482124694,2.6853303292871487,0.10979713053105875,1.189626879296947,1.919618514090251,0.21200246137482276
0.2532981580319122,1.1960610359110506,-2.6187425892349823,0.007102730698607596,-1.4968800530639277,-0.21002826745483075,0.2297245976479716,-0.23015940174459004,-1.1507043827276935,0.06068562485048177,1.708793820021263,-0.2099959440589254,-0.05311953780325695,-0.29804972012036207,1.1325031890211543,0.6032791760843799,1.1256071858122407,-1.0390647638972665
-1.076278139041474,1.3445694289506036,-2.6187425892349823,0.007102730698607596,-1.4968800530639277,-0.21002826745483075,0.2297245976479716,-0.23015940174459004,-1.1507043827276935,0.06068562485048177,1.708793820021263,-0.2099959440589254,-0.05311953780325695,-0.29804972012036207,1.1325031890211543,0.6032791760843799,1.1256071858122407,-1.0390647638972665
-1.076278139041474,1.3445694289506036,-0.27556553054320343,-1.633453875810809,-1.4968800530639277,-0.21002826745483075,0.2297245976479716,-0.23015940174459004,-1.1507043827276935,0.06068562485048177,1.708793820021263,-0.2099959440589254,-0.05311953780325695,-0.29804972012036207,1.1325031890211543,0.6032791760843799,1.1256071858122407,-1.0390647638972665
1.9469493219451934,0.4898543604311241,-0.7504371720879127,-0.4423116610535616,0.08482705253013799,-0.316258692386798,-1.2521573767039091,0.23197608733164052,0.8626741806729326,-0.7816193274560612,0.015423243002768476,-1.2887651134878024,2.0156805352937837,-0.91608945277698,-0.31859868248528267,-0.05494397185788862,-0.5409217746214516,-1.0179427610855745
0.9665516855352679,0.8577513881263065,-1.2191193786503016,-2.6841034411744125,1.9154440719315993,-2.552533371468451,-0.6894999092151793,-1.2203059370881029,-0.7182780243172847,1.9606794407576624,1.4874574500253002,0.9465608949830894,-1.6290062482124694,2.6853303292871487,0.10979713053105875,1.189626879296947,1.919652996958956,-0.9747982369828286
1.3457886351274695,1.1961391217436534,-2.618754776508846,-0.6849784321054527,-1.4969539222843258,-0.21006776590243958,0.2297424230445393,-0.23015940174459004,-1.1507043827276935,0.06068562485048177,1.7087465214337967,-0.2099959440589254,-0.14756287938889318,-0.29804972012036207,1.1325031890211543,1.5071603236550366,1.1256071858122407,-1.0390647638972665
1.3457886351274695,1.1959537339617718,-2.6187175565182295,0.007102730698607596,-1.4969539222843258,-0.2100533257154966,0.2297245976479716,0.7817957572419917,-1.3505622133949189,0.0606286697436914,1.708793820021263,-0.21003642625511842,-0.05309586007439566,-0.29804972012036207,-0.37135003512385806,0.6032791760843799,1.1256071858122407,-1.0390647638972665
2.0531703376254686,0.23299653902223225,-1.2191193786503016,-2.6841034411744125,1.9154440719315993,-2.552499439262947,1.4168641428739006,0.4346598571719524,-0.7182780243172847,1.058725760028927,1.4874709417420877,0.9465608949830894,-1.6290062482124694,2.6853303292871487,0.10979713053105875,1.189626879296947,1.919618514090251,0.21200246137482276
0.38575552049611056,-0.6740911181360539,-2.618754776508846,-0.6849784321054527,-1.4969539222843258,-0.21006776590243958,0.2297424230445393,-0.23015940174459004,-1.1507043827276935,0.06068562485048177,-0.9848212346188813,-0.2099959440589254,-0.05308366889429445,-0.29804972012036207,1.1325031890211543,1.5071603236550366,1.1256071858122407,-1.0390647638972665
1.9469493219451934,0.4898543604311241,-2.6187425892349823,0.007102730698607596,-1.4969539222843258,-0.2100533257154966,0.2297245976479716,0.7817957572419917,-1.3505622133949189,0.0606286697436914,1.708793820021263,-0.21003642625511842,-0.05309586007439566,-0.29804972012036207,-0.9284632123572016,0.6032791760843799,1.1256071858122407,-1.0390647638972665
-1.076278139041474,1.3445694289506036,-1.2191193786503016,-2.6841034411744125,1.9154440719315993,-2.552499439262947,1.4168641428739006,0.4346598571719524,-0.7182780243172847,1.058725760028927,1.4874709417420877,0.9465608949830894,-1.6290062482124694,2.6853303292871487,0.10979713053105875,1.189626879296947,1.919618514090251,0.21200246137482276
1.3457886351274695,1.1959537339617718,-2.6187425892349823,0.007102730698607596,-1.4969539222843258,-0.2100533257154966,0.22980477247859368,-0.23015940174459004,-1.3505622133949189,0.0606286697436914,1.708793820021263,-0.2099959440589254,-0.05309586007439566,-0.2981096718967593,-0.9284632123572016,0.6032791760843799,1.1256071858122407,-1.0390647638972665
-1.076278139041474,1.3445694289506036,-2.6187425892349823,0.007102730698607596,-1.4969539222843258,-0.2100533257154966,0.2297245976479716,0.7817957572419917,-1.3505622133949189,0.0606286697436914,1.708793820021263,-0.21003642625511842,-0.05309586007439566,-0.29804972012036207,-0.9284632123572016,0.6032791760843799,1.1256071858122407,-1.0390647638972665
1.3457886351274695,-0.6740911181360539,-1.2191193786503016,0.15578291956787785,1.9154440719315993,-2.552499439262947,1.4167669249727424,0.4346598571719524,-0.7182780243172847,1.058725760028927,1.4874709417420877,0.9465608949830894,-1.6290062482124694,2.6853303292871487,0.10979713053105875,1.189626879296947,1.919618514090251,-0.9748688047165387
1.3457886351274695,1.1960610359110506,-2.6188101265165074,0.007102730698607596,-1.4969539222843258,-0.2100533257154966,0.2297245976479716,0.7817957572419917,-1.3505622133949189,0.0606286697436914,0.2987516922113821,-0.21003642625511842,-0.05309586007439566,-0.29804972012036207,-0.9284632123572016,0.6032791760843799,1.1256071858122407,-1.0390647638972665
1.3457886351274695,-0.6740911181360539,-1.2191193786503016,0.15578291956787785,1.9154440719315993,-2.552499439262947,1.4167669249727424,0.4346598571719524,-0.7182780243172847,1.058725760028927,1.4874709417420877,0.9465608949830894,-1.6290062482124694,2.6853303292871487,0.10979713053105875,1.189626879296947,1.919618514090251,-0.9748688047165387
-1.076278139041474,1.3445694289506036,-2.6188370629173296,1.6979574323375706,-1.4969539222843258,-0.21002826745483075,0.2297424230445393,-0.23015940174459004,-1.1507043827276935,0.06068562485048177,1.7087465214337967,-0.2099959440589254,-0.05311953780325695,-0.29804972012036207,1.1325031890211543,1.5071603236550366,1.1256071858122407,-1.0390647638972665
1.9469493219451934,0.4898543604311241,-0.7504371720879127,-0.4423116610535616,0.08482705253013799,-0.316258692386798,-1.2521573767039091,0.23197608733164052,0.8626741806729326,-0.7816193274560612,0.015423243002768476,-1.2887651134878024,2.0156805352937837,-0.91608945277698,-0.31859868248528267,-0.05494397185788862,-0.5409217746214516,-1.0179427610855745
1.9469493219451934,0.4898543604311241,-2.618754776508846,-0.6849784321054527,-1.4969539222843258,-0.21006776590243958,0.2297424230445393,-0.23015940174459004,-1.1507043827276935,0.06068562485048177,1.7087465214337967,-0.2099959440589254,-0.05308366889429445,-0.29804972012036207,1.1325031890211543,1.5071603236550366,1.1256071858122407,-1.0390647638972665
1.9469493219451934,0.4898543604311241,-2.6187425892349823,0.007102730698607596,-1.4968800530639277,-0.21002826745483075,0.2297245976479716,-0.2301762646458048,-1.1507043827276935,0.06068562485048177,1.708793820021263,-0.2099959440589254,-0.05311953780325695,-0.29804972012036207,1.1325031890211543,0.6031881451140451,1.1256071858122407,-1.0390647638972665
0.2532981580319122,1.1960610359110506,-1.2191193786503016,0.15578291956787785,1.9154440719315993,-2.552499439262947,1.4167669249727424,0.4346598571719524,-0.7182780243172847,1.058725760028927,1.4874709417420877,0.9465608949830894,-1.6290062482124694,2.6853303292871487,0.10979713053105875,1.189626879296947,1.919618514090251,-0.9748688047165387
0.2532981580319122,1.1960610359110506,-2.6187425892349823,0.007102730698607596,-1.4968800530639277,-0.21002826745483075,0.2297245976479716,-0.23015940174459004,-1.1507043827276935,0.06068562485048177,1.708793820021263,-0.2099959440589254,-0.05311953780325695,-0.29804972012036207,1.1325031890211543,0.6032791760843799,1.1256071858122407,-1.0390647638972665
1.3457886351274695,1.1960392495434666,-2.618754776508846,-0.6849784321054527,-1.4969539222843258,-0.21006776590243958,0.2297424230445393,-0.23015940174459004,-1.1507043827276935,0.06068562485048177,1.7087465214337967,-0.2099959440589254,-0.05308366889429445,-0.29804972012036207,1.1324144911406195,1.5071603236550366,1.1256605865535205,-1.0390647638972665
0.9665516855352679,0.8577513881263065,-1.2191193786503016,0.15578291956787785,1.9154440719315993,-2.552499439262947,1.4167669249727424,0.4346598571719524,-0.7182780243172847,1.058725760028927,1.4874709417420877,0.9465608949830894,-1.6290062482124694,2.6853303292871487,0.10979713053105875,1.189626879296947,1.919618514090251,-0.9748688047165387
1.9469493219451934,0.4898543604311241,-2.6187425892349823,0.007102730698607596,-1.4969539222843258,-0.2100533257154966,0.2297245976479716,0.7817957572419917,-1.3505622133949189,0.0606286697436914,1.708793820021263,-0.21003642625511842,-0.05309586007439566,-0.29804972012036207,-0.9284632123572016,0.6032791760843799,1.1256071858122407,-1.0390647638972665
1.3457886351274695,-0.6740911181360539,-2.618754776508846,-0.6849784321054527,-1.4969539222843258,-0.21006776590243958,0.2297424230445393,-0.23015940174459004,-1.1507043827276935,0.06068562485048177,1.7087465214337967,-0.2099959440589254,-0.05308366889429445,-0.29804972012036207,1.1325031890211543,1.5071603236550366,1.1256071858122407,-1.0390647638972665
